#Sample	Not specified	
#B-Field Phi	-1.50000304782E+2	deg
RF-Frequency	Timestamp	Photon Counter1 CH A	Photon Counter1 CH B	Photon Counter1 Ratio
Hz	s since 1904-01-01 12amUTC	counts	counts	a.u.
2800000000.00	3729613451.35	1432466.00000	1434720.00000	0.998428961749
2800500000.00	3729613452.64	1434966.00000	1439420.00000	0.996905698128
2801000000.00	3729613453.93	1437187.00000	1439654.00000	0.998286393814
2801500000.00	3729613455.24	1431518.00000	1433931.00000	0.998317213311
2802000000.00	3729613456.53	1434661.00000	1437468.00000	0.998047260878
2802500000.00	3729613457.82	1427350.00000	1430473.00000	0.997816806049
2803000000.00	3729613459.15	1420832.00000	1423306.00000	0.998261793318
2803500000.00	3729613460.44	1426989.00000	1430203.00000	0.997752766565
2804000000.00	3729613461.73	1427124.00000	1431713.00000	0.996794748668
2804500000.00	3729613463.04	1432665.00000	1434912.00000	0.998434050311
2805000000.00	3729613464.33	1433385.00000	1435728.00000	0.998368075290
2805500000.00	3729613465.62	1428864.00000	1432403.00000	0.997529326593
2806000000.00	3729613466.95	1428856.00000	1430643.00000	0.998750911304
2806500000.00	3729613468.24	1415365.00000	1418788.00000	0.997587377395
2807000000.00	3729613469.53	1425812.00000	1427296.00000	0.998960271731
2807500000.00	3729613470.86	1432700.00000	1434169.00000	0.998975713462
2808000000.00	3729613472.15	1431509.00000	1434760.00000	0.997734115810
2808500000.00	3729613473.43	1435993.00000	1436725.00000	0.999490507926
2809000000.00	3729613474.76	1433558.00000	1437281.00000	0.997409692329
2809500000.00	3729613476.05	1433717.00000	1435537.00000	0.998732181755
2810000000.00	3729613477.33	1429129.00000	1431120.00000	0.998608781933
2810500000.00	3729613478.64	1427305.00000	1432185.00000	0.996592618970
2811000000.00	3729613479.93	1422417.00000	1426117.00000	0.997405542463
2811500000.00	3729613481.22	1423109.00000	1426616.00000	0.997541735127
2812000000.00	3729613482.55	1420432.00000	1424685.00000	0.997014778705
2812500000.00	3729613483.84	1430705.00000	1432612.00000	0.998668864982
2813000000.00	3729613485.12	1429226.00000	1433231.00000	0.997205614447
2813500000.00	3729613486.41	1436051.00000	1441055.00000	0.996527544056
2814000000.00	3729613487.73	1432762.00000	1437464.00000	0.996728961560
2814500000.00	3729613489.02	1432567.00000	1438813.00000	0.995658921625
2815000000.00	3729613490.30	1422399.00000	1429127.00000	0.995292230851
2815500000.00	3729613491.62	1429951.00000	1437527.00000	0.994729838118
2816000000.00	3729613492.92	1423913.00000	1431177.00000	0.994924457282
2816500000.00	3729613494.25	1426688.00000	1432092.00000	0.996226499415
2817000000.00	3729613495.54	1431711.00000	1440617.00000	0.993817926624
2817500000.00	3729613496.83	1431280.00000	1443387.00000	0.991612090174
2818000000.00	3729613498.14	1429471.00000	1443235.00000	0.990463091596
2818500000.00	3729613499.43	1419304.00000	1432312.00000	0.990918179838
2819000000.00	3729613500.72	1430226.00000	1442359.00000	0.991588085906
2819500000.00	3729613502.04	1425285.00000	1438049.00000	0.991124085480
2820000000.00	3729613503.33	1407454.00000	1420030.00000	0.991143849074
2820500000.00	3729613504.62	1420704.00000	1432795.00000	0.991561249167
2821000000.00	3729613505.95	1421616.00000	1435085.00000	0.990614493218
2821500000.00	3729613507.24	1429503.00000	1440203.00000	0.992570491799
2822000000.00	3729613508.53	1430490.00000	1446368.00000	0.989022157570
2822500000.00	3729613509.85	1419608.00000	1433279.00000	0.990461731456
2823000000.00	3729613511.14	1418205.00000	1425762.00000	0.994699676384
2823500000.00	3729613512.42	1419689.00000	1430163.00000	0.992676359268
2824000000.00	3729613513.75	1429795.00000	1439228.00000	0.993445791772
2824500000.00	3729613515.04	1430190.00000	1436872.00000	0.995349620565
2825000000.00	3729613516.37	1438835.00000	1446054.00000	0.995007793623
2825500000.00	3729613517.65	1436631.00000	1439174.00000	0.998233014215
2826000000.00	3729613518.94	1434755.00000	1437574.00000	0.998039057468
2826500000.00	3729613520.23	1443286.00000	1445654.00000	0.998361987031
2827000000.00	3729613521.56	1442915.00000	1447968.00000	0.996510281995
2827500000.00	3729613522.86	1440018.00000	1442307.00000	0.998412959238
2828000000.00	3729613524.15	1448616.00000	1450139.00000	0.998949755851
2828500000.00	3729613525.48	1445375.00000	1451183.00000	0.995997748044
2829000000.00	3729613526.77	1444291.00000	1448117.00000	0.997357948287
2829500000.00	3729613528.07	1442653.00000	1445926.00000	0.997736398682
2830000000.00	3729613529.38	1444297.00000	1450667.00000	0.995608916450
2830500000.00	3729613530.67	1454957.00000	1458769.00000	0.997386837806
2831000000.00	3729613531.95	1455896.00000	1461840.00000	0.995933891534
2831500000.00	3729613533.26	1449553.00000	1452282.00000	0.998120888367
2832000000.00	3729613534.55	1448263.00000	1451626.00000	0.997683287569
2832500000.00	3729613535.89	1442150.00000	1448482.00000	0.995628526968
2833000000.00	3729613537.18	1443957.00000	1449055.00000	0.996481845065
2833500000.00	3729613538.46	1443151.00000	1446043.00000	0.998000059473
2834000000.00	3729613539.75	1440944.00000	1441057.00000	0.999921585336
2834500000.00	3729613541.06	1448782.00000	1450435.00000	0.998860341897
2835000000.00	3729613542.36	1443396.00000	1447050.00000	0.997474862652
2835500000.00	3729613543.63	1443827.00000	1447219.00000	0.997656194398
2836000000.00	3729613544.96	1444173.00000	1450658.00000	0.995529614837
2836500000.00	3729613546.25	1441970.00000	1444510.00000	0.998241618265
2837000000.00	3729613547.53	1449039.00000	1453776.00000	0.996741588800
2837500000.00	3729613548.85	1454048.00000	1458710.00000	0.996804025475
2838000000.00	3729613550.14	1449927.00000	1453557.00000	0.997502677914
2838500000.00	3729613551.48	1448788.00000	1452420.00000	0.997499345919
2839000000.00	3729613552.77	1449215.00000	1454629.00000	0.996278088777
2839500000.00	3729613554.06	1437386.00000	1442217.00000	0.996650296037
2840000000.00	3729613555.39	1445096.00000	1451851.00000	0.995347318699
2840500000.00	3729613556.68	1437434.00000	1447129.00000	0.993300528149
2841000000.00	3729613557.96	1441220.00000	1450819.00000	0.993383737048
2841500000.00	3729613559.27	1437206.00000	1450776.00000	0.990646385107
2842000000.00	3729613560.56	1434787.00000	1450907.00000	0.988889708300
2842500000.00	3729613561.85	1426286.00000	1441857.00000	0.989200732111
2843000000.00	3729613563.18	1437027.00000	1451851.00000	0.989789585846
2843500000.00	3729613564.47	1427573.00000	1441687.00000	0.990210080274
2844000000.00	3729613565.75	1428449.00000	1445963.00000	0.987887656876
2844500000.00	3729613567.08	1430096.00000	1446792.00000	0.988459985955
2845000000.00	3729613568.37	1425610.00000	1441546.00000	0.988945201887
2845500000.00	3729613569.64	1428793.00000	1441844.00000	0.990948396637
2846000000.00	3729613570.97	1436841.00000	1451110.00000	0.990166837800
2846500000.00	3729613572.26	1431254.00000	1446858.00000	0.989215251255
2847000000.00	3729613573.54	1432045.00000	1443988.00000	0.991729155644
2847500000.00	3729613574.87	1438645.00000	1449683.00000	0.992385921612
2848000000.00	3729613576.15	1436980.00000	1445725.00000	0.993951131785
2848500000.00	3729613577.45	1446428.00000	1452836.00000	0.995589316344
2849000000.00	3729613578.78	1441871.00000	1450319.00000	0.994175074587
2849500000.00	3729613580.07	1448326.00000	1455196.00000	0.995278986473
2850000000.00	3729613581.36	1450319.00000	1454262.00000	0.997288659127
2850500000.00	3729613582.69	1440856.00000	1445871.00000	0.996531502465
2851000000.00	3729613583.98	1450150.00000	1452667.00000	0.998267324858
2851500000.00	3729613585.26	1433854.00000	1440240.00000	0.995566016775
2852000000.00	3729613586.54	1433681.00000	1440891.00000	0.994996151687
2852500000.00	3729613587.85	1437525.00000	1438774.00000	0.999131899798
2853000000.00	3729613589.14	1442100.00000	1447482.00000	0.996281819049
2853500000.00	3729613590.43	1440604.00000	1443949.00000	0.997683436188
2854000000.00	3729613591.76	1432587.00000	1436112.00000	0.997545456065
2854500000.00	3729613593.05	1431497.00000	1435710.00000	0.997065563380
2855000000.00	3729613594.33	1438782.00000	1443159.00000	0.996967070157
2855500000.00	3729613595.64	1436176.00000	1437887.00000	0.998810059483
2856000000.00	3729613596.93	1443458.00000	1446441.00000	0.997937696733
2856500000.00	3729613598.22	1432473.00000	1435915.00000	0.997602922179
2857000000.00	3729613599.55	1446520.00000	1450221.00000	0.997447975171
2857500000.00	3729613600.84	1450365.00000	1456149.00000	0.996027879015
2858000000.00	3729613602.13	1446032.00000	1448269.00000	0.998455397443
2858500000.00	3729613603.44	1444152.00000	1444052.00000	1.00006924958
2859000000.00	3729613604.73	1451353.00000	1456041.00000	0.996780310445
2859500000.00	3729613606.03	1447873.00000	1449899.00000	0.998602661289
2860000000.00	3729613607.36	1451060.00000	1452617.00000	0.998928141416
2860500000.00	3729613608.65	1443793.00000	1447422.00000	0.997492783722
2861000000.00	3729613609.94	1446278.00000	1448378.00000	0.998550102252
2861500000.00	3729613611.26	1437802.00000	1441544.00000	0.997404172193
2862000000.00	3729613612.55	1444327.00000	1449529.00000	0.996411248067
2862500000.00	3729613613.84	1442035.00000	1443611.00000	0.998908293162
2863000000.00	3729613615.17	1447483.00000	1448736.00000	0.999135108122
2863500000.00	3729613616.46	1438599.00000	1439775.00000	0.999183205709
2864000000.00	3729613617.74	1436756.00000	1440345.00000	0.997508235874
2864500000.00	3729613619.05	1448443.00000	1451962.00000	0.997576382853
2865000000.00	3729613620.35	1431071.00000	1435591.00000	0.996851470927
2865500000.00	3729613621.65	1432458.00000	1436887.00000	0.996917642097
2866000000.00	3729613622.97	1438961.00000	1440667.00000	0.998815826280
2866500000.00	3729613624.26	1438227.00000	1441711.00000	0.997583426914
2867000000.00	3729613625.59	1441321.00000	1443187.00000	0.998707028265
2867500000.00	3729613626.88	1444575.00000	1448827.00000	0.997065212065
2868000000.00	3729613628.16	1449582.00000	1455200.00000	0.996139362287
2868500000.00	3729613629.46	1460035.00000	1461820.00000	0.998778919429
2869000000.00	3729613630.76	1454927.00000	1455879.00000	0.999346099504
2869500000.00	3729613632.05	1456015.00000	1457448.00000	0.999016774526
2870000000.00	3729613633.34	1455085.00000	1458972.00000	0.997335795341
2870500000.00	3729613634.66	1448163.00000	1452012.00000	0.997349195461
2871000000.00	3729613635.95	1445510.00000	1448793.00000	0.997733975799
2871500000.00	3729613637.24	1454195.00000	1455247.00000	0.999277098664
2872000000.00	3729613638.52	1461223.00000	1463955.00000	0.998133822419
2872500000.00	3729613639.84	1458897.00000	1461474.00000	0.998236711703
2873000000.00	3729613641.13	1452622.00000	1456228.00000	0.997523739414
2873500000.00	3729613642.47	1454367.00000	1458701.00000	0.997028863352
2874000000.00	3729613643.76	1467969.00000	1470608.00000	0.998205504118
2874500000.00	3729613645.04	1462684.00000	1466135.00000	0.997646192199
2875000000.00	3729613646.37	1467063.00000	1471981.00000	0.996658924266
2875500000.00	3729613647.66	1475037.00000	1475779.00000	0.999497214691
2876000000.00	3729613648.94	1474259.00000	1479125.00000	0.996710217189
2876500000.00	3729613650.25	1471129.00000	1475750.00000	0.996868710825
2877000000.00	3729613651.54	1469612.00000	1474963.00000	0.996372112385
2877500000.00	3729613652.83	1468821.00000	1471431.00000	0.998226216520
2878000000.00	3729613654.16	1470116.00000	1472792.00000	0.998183042819
2878500000.00	3729613655.45	1464468.00000	1469517.00000	0.996564177209
2879000000.00	3729613656.75	1466821.00000	1471533.00000	0.996797897159
2879500000.00	3729613658.07	1469405.00000	1471942.00000	0.998276426653
2880000000.00	3729613659.36	1459927.00000	1462863.00000	0.997992976786
2880500000.00	3729613660.65	1458670.00000	1460194.00000	0.998956303067
2881000000.00	3729613661.92	1470011.00000	1472686.00000	0.998183591071
2881500000.00	3729613663.25	1471949.00000	1477037.00000	0.996555265711
2882000000.00	3729613664.55	1473883.00000	1477811.00000	0.997342014642
2882500000.00	3729613665.84	1476661.00000	1481677.00000	0.996614646782
2883000000.00	3729613667.17	1476993.00000	1478749.00000	0.998812509763
2883500000.00	3729613668.46	1479930.00000	1482263.00000	0.998426055295
2884000000.00	3729613669.76	1477081.00000	1479743.00000	0.998201038964
2884500000.00	3729613671.07	1480034.00000	1485031.00000	0.996635087079
2885000000.00	3729613672.37	1484313.00000	1489053.00000	0.996816768779
2885500000.00	3729613673.66	1482826.00000	1484563.00000	0.998829958715
2886000000.00	3729613674.98	1483349.00000	1485452.00000	0.998584269300
2886500000.00	3729613676.27	1474711.00000	1482886.00000	0.994487101503
2887000000.00	3729613677.61	1472525.00000	1478493.00000	0.995963457385
2887500000.00	3729613678.90	1476932.00000	1480056.00000	0.997889269055
2888000000.00	3729613680.19	1477094.00000	1481500.00000	0.997025987175
2888500000.00	3729613681.51	1475831.00000	1480924.00000	0.996560930878
2889000000.00	3729613682.80	1478930.00000	1485227.00000	0.995760244057
2889500000.00	3729613684.09	1469174.00000	1475382.00000	0.995792276170
2890000000.00	3729613685.42	1462597.00000	1468401.00000	0.996047401221
2890500000.00	3729613686.71	1475250.00000	1483959.00000	0.994131239475
2891000000.00	3729613688.00	1473476.00000	1477302.00000	0.997410143627
2891500000.00	3729613689.29	1478349.00000	1485663.00000	0.995076945445
2892000000.00	3729613690.61	1476254.00000	1485085.00000	0.994053539023
2892500000.00	3729613691.90	1488433.00000	1495193.00000	0.995478844537
2893000000.00	3729613693.20	1490205.00000	1502195.00000	0.992018346486
2893500000.00	3729613694.53	1483664.00000	1498232.00000	0.990276539281
2894000000.00	3729613695.82	1476805.00000	1487660.00000	0.992703305863
2894500000.00	3729613697.10	1485740.00000	1496297.00000	0.992944582526
2895000000.00	3729613698.42	1491058.00000	1504701.00000	0.990933082386
2895500000.00	3729613699.70	1493346.00000	1507057.00000	0.990902135752
2896000000.00	3729613700.97	1494802.00000	1505513.00000	0.992885481560
2896500000.00	3729613702.30	1498302.00000	1508898.00000	0.992977656541
2897000000.00	3729613703.59	1484332.00000	1498576.00000	0.990494976564
2897500000.00	3729613704.89	1482487.00000	1493392.00000	0.992697831514
2898000000.00	3729613706.20	1483104.00000	1496855.00000	0.990813405440
2898500000.00	3729613707.49	1482637.00000	1488077.00000	0.996344275195
2899000000.00	3729613708.77	1484869.00000	1492625.00000	0.994803785278
2899500000.00	3729613710.09	1487264.00000	1494016.00000	0.995480637423
2900000000.00	3729613711.37	1486151.00000	1490942.00000	0.996786595320
2900500000.00	3729613712.67	1498147.00000	1501659.00000	0.997661253320
2901000000.00	3729613713.98	1500543.00000	1503186.00000	0.998241734556
2901500000.00	3729613715.27	1498122.00000	1504069.00000	0.996046059057
2902000000.00	3729613716.56	1491637.00000	1496604.00000	0.996681152797
2902500000.00	3729613717.87	1492128.00000	1493394.00000	0.999152266582
2903000000.00	3729613719.16	1498672.00000	1502268.00000	0.997606285962
2903500000.00	3729613720.46	1500387.00000	1504316.00000	0.997388181738
2904000000.00	3729613721.78	1496243.00000	1498337.00000	0.998602450584
2904500000.00	3729613723.06	1505032.00000	1509417.00000	0.997094904854
2905000000.00	3729613724.35	1507779.00000	1511695.00000	0.997409530362
2905500000.00	3729613725.68	1502138.00000	1506014.00000	0.997426318746
2906000000.00	3729613726.97	1503686.00000	1506465.00000	0.998155284059
2906500000.00	3729613728.26	1494684.00000	1497310.00000	0.998246188164
2907000000.00	3729613729.59	1489294.00000	1495189.00000	0.996057354622
2907500000.00	3729613730.88	1498714.00000	1501375.00000	0.998227624677
2908000000.00	3729613732.19	1497199.00000	1502282.00000	0.996616480794
2908500000.00	3729613733.49	1497925.00000	1500775.00000	0.998100981160
2909000000.00	3729613734.78	1504646.00000	1508584.00000	0.997389605087
2909500000.00	3729613736.07	1502666.00000	1508319.00000	0.996252119081
2910000000.00	3729613737.39	1501184.00000	1506012.00000	0.996794182251
2910500000.00	3729613738.68	1499772.00000	1502352.00000	0.998282692738
2911000000.00	3729613739.97	1506435.00000	1509465.00000	0.997992666276
2911500000.00	3729613741.26	1496200.00000	1500305.00000	0.997263889676
2912000000.00	3729613742.58	1508011.00000	1512247.00000	0.997198870290
2912500000.00	3729613743.87	1500354.00000	1506256.00000	0.996081675359
2913000000.00	3729613745.21	1506052.00000	1512514.00000	0.995727642852
2913500000.00	3729613746.50	1505024.00000	1511843.00000	0.995489611024
2914000000.00	3729613747.78	1503499.00000	1511046.00000	0.995005446558
2914500000.00	3729613749.11	1493474.00000	1505315.00000	0.992133872312
2915000000.00	3729613750.39	1497361.00000	1509995.00000	0.991633084878
2915500000.00	3729613751.69	1496364.00000	1510826.00000	0.990427752766
2916000000.00	3729613753.01	1487596.00000	1501782.00000	0.990553888647
2916500000.00	3729613754.30	1500800.00000	1514815.00000	0.990748045141
2917000000.00	3729613755.59	1498464.00000	1512480.00000	0.990733100603
2917500000.00	3729613756.90	1494879.00000	1509315.00000	0.990435396190
2918000000.00	3729613758.19	1481943.00000	1498881.00000	0.988699569879
2918500000.00	3729613759.48	1480061.00000	1494087.00000	0.990612327127
2919000000.00	3729613760.81	1489387.00000	1505615.00000	0.989221680177
2919500000.00	3729613762.10	1487036.00000	1497797.00000	0.992815448288
2920000000.00	3729613763.39	1482441.00000	1497061.00000	0.990234198874
2920500000.00	3729613764.71	1488557.00000	1500388.00000	0.992114706329
2921000000.00	3729613766.00	1493936.00000	1505637.00000	0.992228538486
2921500000.00	3729613767.33	1499503.00000	1508175.00000	0.994250004144
2922000000.00	3729613768.61	1510460.00000	1516224.00000	0.996198450889
2922500000.00	3729613769.90	1515671.00000	1522681.00000	0.995396278012
2923000000.00	3729613771.22	1511416.00000	1516681.00000	0.996528604235
2923500000.00	3729613772.51	1508841.00000	1513706.00000	0.996786033748
2924000000.00	3729613773.80	1498232.00000	1501204.00000	0.998020255741
2924500000.00	3729613775.11	1502392.00000	1506538.00000	0.997247995072
2925000000.00	3729613776.40	1510010.00000	1515008.00000	0.996701007519
2925500000.00	3729613777.68	1510369.00000	1513547.00000	0.997900296456
2926000000.00	3729613779.01	1509403.00000	1512292.00000	0.998089654643
2926500000.00	3729613780.30	1506819.00000	1513477.00000	0.995600858156
2927000000.00	3729613781.59	1501157.00000	1504094.00000	0.998047329489
2927500000.00	3729613782.87	1511732.00000	1512075.00000	0.999773159400
2928000000.00	3729613784.19	1512307.00000	1513504.00000	0.999209120029
2928500000.00	3729613785.48	1503462.00000	1503396.00000	1.00004390061
2929000000.00	3729613786.78	1507992.00000	1507719.00000	1.00018106822
2929500000.00	3729613788.11	1509624.00000	1514165.00000	0.997000987343
2930000000.00	3729613789.40	1506654.00000	1507945.00000	0.999143867979
2930500000.00	3729613790.69	1516299.00000	1519001.00000	0.998221199328
2931000000.00	3729613791.98	1503365.00000	1506974.00000	0.997605134528
2931500000.00	3729613793.30	1494596.00000	1498971.00000	0.997081331126
2932000000.00	3729613794.60	1504994.00000	1508279.00000	0.997822020992
2932500000.00	3729613795.88	1509957.00000	1511976.00000	0.998664661344
2933000000.00	3729613797.21	1520054.00000	1523662.00000	0.997632020750
2933500000.00	3729613798.49	1515931.00000	1517234.00000	0.999141200369
2934000000.00	3729613799.79	1520141.00000	1522813.00000	0.998245352515
2934500000.00	3729613801.08	1510926.00000	1510994.00000	0.999954996512
2935000000.00	3729613802.41	1501967.00000	1504863.00000	0.998075572328
2935500000.00	3729613803.70	1508681.00000	1510434.00000	0.998839406422
2936000000.00	3729613804.99	1502345.00000	1503607.00000	0.999160684940
2936500000.00	3729613806.32	1498690.00000	1501818.00000	0.997917191031
2937000000.00	3729613807.61	1500197.00000	1502667.00000	0.998356255910
2937500000.00	3729613808.88	1502677.00000	1507068.00000	0.997086395571
2938000000.00	3729613810.21	1506993.00000	1510191.00000	0.997882387062
2938500000.00	3729613811.50	1513609.00000	1515004.00000	0.999079210352
2939000000.00	3729613812.79	1511467.00000	1513483.00000	0.998667973145
2939500000.00	3729613814.10	1524997.00000	1526467.00000	0.999036991956
2940000000.00	3729613815.39	1520981.00000	1524564.00000	0.997649819883
